0	0.0337488416376
1	0.015387800179
2	0.00370671594275
3	0.000311361078967
4	0.0203565049949
5	0.0057483395343
6	0.00215983917831
7	0.000253431765709
8	0.0343597415738
9	0.0111146603936
10	0.00329151637817
11	0.000264478116264
12	0.0380544695642
13	0.017818300286
14	0.00531597441069
15	0.000147326000372
16	0.0553986964416
17	0.0362394278692
18	0.00579928668876
19	0.000324570187596
20	0.045578938467
21	0.0358555659459
22	0.00760859192609
23	0.000686286790514
24	0.0491991777302
25	0.0240093496291
26	0.00703071834364
27	0.000684378097345
28	0.0179968902569
29	0.00707093138804
30	0.00121679828667
31	0.000244995738449
32	0.0149005490668
33	0.000795166471092
34	0.000165034539523
35	3.77521845562e-06
36	0.0120816186307
37	9.99318141145e-05
38	7.05649661376e-05
39	6.24802059738e-09
40	0.0123255993501
41	0.00097028362798
42	0.000133820850204
43	3.74276151517e-06
44	0.0195172544991
45	0.00303802267545
46	0.000395674085922
47	4.31701405635e-10
48	0.0260260376229
49	0.00818669018596
50	0.000782809269531
51	1.24803571941e-05
52	0.0181675241707
53	0.0139260480668
54	0.000779943571779
55	1.60673885546e-05
56	0.0143239689534
57	0.00554575818355
58	0.000823672218577
59	1.0968992224e-06
60	0.00673068211006
61	0.000808772274775
62	0.000157894736456
63	1.88803888354e-07
64	0.00379426501279
65	4.66580481924e-05
66	7.20664126015e-06
67	2.26546568834e-07
68	0.00405029674234
69	7.79932168266e-05
70	3.2606946549e-05
71	3.85724362304e-08
72	0.00522710710406
73	0.000104710424398
74	2.3522638693e-05
75	5.93795844923e-09
76	0.0107987315343
77	0.00207299723572
78	7.59832768528e-10
79	2.80970683085e-10
80	0.0107373173628
81	0.00111933716111
82	2.30781863735e-05
83	4.11245082715e-10
84	0.0145079117107
85	0.00367059582471
86	4.01171565404e-05
87	1.09692126978e-06
88	0.00615897391921
89	0.00411501069438
90	3.20480276868e-05
91	8.76963702079e-06
92	0.00260536868449
93	0.000477795064203
94	1.88803929109e-07
95	1.12906742868e-06
96	3.49746275464e-05
97	4.51269544281e-05
98	6.1444419107e-05
99	7.61916566038e-06
100	1.31386951993e-05
101	3.9425931416e-05
102	7.81593592124e-07
103	1.26020078465e-05
104	5.98844441608e-11
105	2.73550536826e-06
106	2.51240773804e-06
107	7.1992855347e-11
108	7.85896914516e-06
109	2.10567589548e-05
110	1.07184529656e-05
111	2.30050442746e-05
112	1.68381510876e-06
113	1.91675686549e-06
114	3.32441556895e-06
115	1.68223651524e-06
116	4.74042522417e-06
117	3.71710261349e-06
118	3.45034134026e-06
119	2.81702603075e-06
120	4.40703576401e-06
121	6.55465225964e-06
122	1.21198180757e-05
123	7.99111134883e-06
124	1.07739388217e-05
125	3.15590150696e-06
126	4.67965602107e-06
127	2.12773581512e-06
128	2.49878728899e-06
129	8.26310605543e-06
130	9.99513457011e-06
131	8.69749379387e-06
132	5.12458031695e-06
133	6.0765320207e-10
134	1.1447217566e-05
135	2.51189332295e-05
136	5.24117461871e-10
137	1.52526174508e-05
138	1.47527058043e-06
139	1.24444433317e-06
140	2.39408025585e-05
141	2.60761256697e-05
142	5.26302082175e-05
143	0.000111002397609
144	1.08373894978e-06
145	4.82633582034e-10
146	4.79566763939e-10
147	9.40678997232e-07
148	4.79564355312e-10
149	4.83522556162e-10
150	3.15140572478e-06
151	4.79400112462e-10
152	6.48289237265e-06
153	1.59726104689e-05
154	5.18667238018e-10
155	4.58036771524e-07
156	0.00029381573065
157	0.000149770893296
158	0.000332049567742
159	9.44738334968e-05
160	0.000149390219796
161	0.00517247247787
162	0.00644963725964
163	5.87335007906e-07
164	7.46624506589e-05
165	0.00120839696267
166	4.45018473862e-05
167	0.00303652012074
168	0.000402755494037
169	3.05252526847e-05
170	0.000912012974056
171	0.000817804085795
172	3.65746880432e-07
173	0.00415219346848
174	0.000126463888572
175	0.000189927030965
176	0.000365890574194
177	0.000205908968627
178	5.74401622917e-06
179	4.15133152011e-05
180	0.000268878590676
181	0.000498760101108
182	0.00104802340858
183	0.00121889356714
184	2.25316672846e-05
185	0.000178079152009
186	7.5882806287e-06
187	0.000718606012134
188	0.000549857986534
189	0.000122590585642
190	8.3705097897e-05
191	1.9163685019e-05
192	6.64662923036e-05
193	1.35859409573e-05
194	0.000987079569272
195	5.53356921316e-06
196	0.000115133821612
197	1.07807284901e-05
198	2.96323531845e-05
199	5.77997573875e-06
200	0.00977005149322
201	0.00461188410892
202	0.000272376986402
203	0.00138639099329
204	0.00106679684333
205	0.000233747819575
206	0.000185946859572
207	0.00338327171799
208	0.000350789371753
209	0.00311860620777
210	0.00070568843047
211	0.000848857141749
212	0.00318176561631
213	0.00834423652859
214	0.00561009585985
215	0.00226291723431
216	0.00102844495372
217	0.00131688563283
218	0.00256210727194
219	0.00263099092304
220	0.00261339886555
221	3.25677680965e-05
222	0.000439257473283
223	0.000101133165562
224	0.000810947317226
225	0.00209037335564
226	3.39844041754e-05
227	0.00296502648835
228	0.000241933426108
229	0.000191869391783
230	0.000212859087147
231	0.00293983653356
232	0.00213074939656
233	0.000522777882419
234	0.000350383640097
235	0.00103194582776
236	0.000577675177105
237	0.00243720653808
238	0.00014581396341
239	0.00272314868028
240	2.80022662468e-05
241	0.000388060114116
242	3.58841526501e-05
243	0.00171902383965
244	0.000638983890903
245	0.000117040767138
246	0.00194265925957
247	0.00125899456623
248	0.000492126390877
249	0.00133390358174
250	6.8103154811e-05
251	0.00013411207549
252	0.000192439379621
253	0.000254571282878
254	5.93722252511e-10
255	0.000201421138501
256	0.000447510584823
257	4.00929661234e-05
258	0.000188374295218
259	2.14824828992e-05
260	0.00265430530346
261	2.89485886041e-05
262	0.000303186845796
263	0.00236263800369
264	0.000110864394514
265	0.00047942201753
266	0.000267281532029
267	0.000898020872921
268	5.93464214889e-05
269	0.00126846528307
270	2.32625146732e-05
271	0.000192262862385
272	8.19555604637e-05
273	0.00013239703419
274	0.000102675575349
275	0.000305968209775
276	0.00036773145363
277	0.000146441492011
278	0.000171187896404
279	0.000792463309733
280	0.000470113976315
281	0.000643157974461
282	0.000667472790196
283	0.000182321190326
284	1.73733330883e-05
285	5.31991955452e-05
286	4.65437046658e-05
287	0.000993546949253
288	0.0010356357401
289	0.000260506504345
290	9.75891957717e-05
291	0.00051733986601
292	0.000432264459231
293	1.11404863901e-05
294	0.000619829611354
295	0.00013860494383
296	0.000352379168055
297	0.000103695914596
298	0.000130619857372
299	3.66941005691e-05
300	0.00074598395514
301	2.47450640344e-05
302	5.43615496672e-05
303	0.000335317755263
304	4.93956411926e-05
305	0.00018875357198
306	0.000429516188289
307	6.92865424053e-05
308	0.000324187051934
309	0.000282667030286
310	0.000108997971492
311	1.84698243579e-05
312	3.87811347671e-06
313	0.000574978329211
314	0.000292107764537
315	8.38141696743e-05
316	4.12171406958e-05
317	0.000205871646983
318	0.000140471315833
319	4.27977341473e-05
320	0.000167040532355
321	7.63765681641e-05
322	6.02712647764e-05
323	0.000178544926397
324	0.000374743289479
325	5.59617256622e-05
326	2.76341661192e-05
327	1.32966338279e-05
328	3.08396893323e-05
329	5.88532998129e-06
330	0.000143697789975
331	0.000128860005117
332	0.000905254629965
333	6.50223272125e-06
334	3.79881168104e-05
335	0.000264192878731
336	5.95402405827e-05
337	0.00012242756814
338	0.000463711553339
339	0.000140144832017
340	2.78138512478e-05
341	7.47482525461e-05
342	0.00516721980268
343	0.00387627692428
344	0.000152383046405
345	0.00173558470238
346	0.00414171035157
347	0.0017349543361
348	0.000411919118707
349	0.000501411780361
350	0.000398396270909
351	0.000140383384241
352	0.00383048400142
353	0.000144525712498
354	0.000104020328537
355	0.000119310037344
356	6.50823212611e-06
357	0.000749694300906
358	0.000139111550609
359	4.09723155453e-05
360	0.000252987055057
361	7.76812005373e-05
362	2.88528823585e-05
363	5.88540005451e-06
364	1.62014241198e-05
365	8.69105501345e-06
366	2.05012202905e-05
367	2.76998457316e-05
368	5.72857508443e-06
369	7.47261255876e-05
370	5.98141545686e-06
371	3.97685852632e-05
372	3.94679494699e-05
373	5.67173665969e-06
374	4.79846191404e-05
375	6.28226107523e-06
376	0.000183394640215
377	0.0001655416369
378	6.54828914001e-05
379	3.54353562211e-05
380	7.24576210929e-05
381	7.14850911271e-05
382	5.68710444208e-05
383	3.88517802135e-05
384	5.73564446314e-06
385	0.000101277404486
386	0.000165314604869
387	2.16361824078e-05
388	0.000128893118733
389	0.000471737441581
390	4.63201184819e-05
391	1.08415764589e-05
392	8.83033115854e-05
393	1.89073367486e-05
394	6.57999751566e-05
395	5.41095943272e-05
396	0.000130404154223
397	2.95019176208e-05
398	5.18030190622e-06
399	0.000103004196598
400	0.00026653295876
401	0.000202744125555
402	5.99850289446e-10
403	8.4848914063e-05
404	0.000296147835427
405	1.4795652438e-05
406	7.18619619003e-10
407	8.64467308951e-05
408	7.51535730814e-05
409	5.56665374539e-05
410	0.000200215428587
411	0.000158810862334
412	6.62204836118e-05
413	3.06310954715e-05
414	0.000356153867741
415	6.83086216626e-10
416	0.000646559380825
417	1.11975399659e-09
418	5.69793306604e-06
419	2.38065599546e-05
420	2.1803390271e-06
421	8.47945483992e-05
422	0.000242297936428
423	0.000121045540496
424	3.50880235799e-05
425	1.21867553663e-05
426	1.17692483692e-05
427	5.63459089375e-05
428	0.000113883663976
429	0.000120195027608
430	3.72328612212e-05
431	4.5966122479e-05
432	0.000169624990432
433	0.000103103097709
434	6.68413645582e-05
435	4.16298307994e-05
436	7.22290393787e-05
437	7.44553355106e-06
438	2.25133556822e-05
439	2.95154432819e-05
440	5.98085594705e-06
441	1.37518877136e-05
442	1.03323747152e-05
443	1.01880804156e-05
444	2.50701463744e-05
445	2.58058157248e-05
446	4.23940066969e-05
447	4.79171812326e-05
448	7.78440110137e-06
449	1.43160224315e-05
450	1.08742357823e-05
451	1.28097574622e-05
452	4.14151586282e-05
453	6.81876084675e-06
454	5.2028013334e-05
455	9.36644344046e-06
456	3.81367348039e-05
457	8.5923158375e-06
458	5.92197798115e-05
459	3.06597075124e-05
460	2.56749324271e-05
461	8.59675311097e-05
462	0.000125976378549
463	0.000105447526607
464	1.1406264132e-05
465	3.91164692445e-06
466	9.94768056581e-05
467	4.28765377877e-05
468	2.15270111295e-05
469	8.26547650836e-05
470	0.000189175620885
471	4.40307452645e-05
472	3.62249593854e-05
473	5.67973763708e-06
474	5.7175860039e-05
475	0.000167179496482
476	3.94102297026e-05
477	2.51646285297e-05
478	4.39964413538e-05
479	5.90120176463e-05
480	9.05687135881e-10
481	5.54956067093e-10
482	1.86194172752e-05
483	3.00499769768e-05
484	2.11700058249e-05
485	5.78601515663e-06
486	0.00015029800309
487	8.22773525978e-05
488	1.85496593997e-05
489	5.55948988826e-05
490	0.000102456950688
491	2.95460389659e-05
492	1.22301358231e-05
493	0.000111871794024
494	0.00173065818401
495	0.00153311761856
496	0.001580606205
497	0.00133693228048
498	0.00310771774246
499	0.00155818265664
500	0.00121520696299
501	0.000496246392539
502	0.000341496389314
503	9.19177299626e-05
504	2.24918070502e-05
505	0.000144627025357
506	2.24922091647e-05
507	1.87873528946e-05
508	0.000281891452817
509	3.31231608799e-05
510	5.49042697475e-05
511	2.682360262e-05
512	7.40755600802e-05
513	3.83983714235e-05
514	2.44587155707e-05
515	9.60736842652e-05
516	1.42262433572e-05
517	1.20369425172e-05
518	1.15208862998e-05
519	2.58681724138e-05
520	0.000110864396135
521	0.0149616991692
522	0.00835174558524
523	0.00035491683186
524	2.33417933423e-05
525	0.000116221536408
526	0.000309457046786
527	7.37211923766e-05
528	0.000194870999253
529	1.28266706892e-09
530	0.000114800097668
531	1.11375587011e-05
532	6.07676400297e-06
533	8.23222080962e-05
534	5.98511625673e-06
535	0.000408286701887
536	1.38993938828e-05
537	2.49168806637e-05
538	1.14017263949e-05
539	2.23662978895e-05
540	1.17539977845e-10
541	5.92026601421e-10
542	2.27947659761e-05
543	1.71620509087e-05
544	5.77986741229e-06
545	1.05401816617e-05
546	3.03719560914e-05
547	7.44568875655e-06
548	1.27291818586e-05
549	4.56457820979e-05
550	4.33736068394e-05
551	5.77990313375e-06
552	8.56772099793e-10
553	1.08132004312e-05
554	4.16701216687e-05
555	1.82156775892e-05
556	5.1380898187e-05
557	3.34993930207e-05
558	1.80000364736e-05
559	1.04075521898e-05
560	1.20875074514e-05
561	9.87291173776e-06
562	5.77988513759e-06
563	1.86444786963e-05
564	1.2262662937e-05
565	2.30235031714e-05
566	4.80791560897e-05
567	1.81322690295e-05
568	4.12249457008e-06
569	1.18580693248e-05
570	5.79380128348e-05
571	0.00160345827301
572	0.000187645010482
573	2.20780005654e-05
574	0.00275431148921
575	0.000144808239258
576	0.000105219263492
577	0.000469602461348
578	0.0013990599408
579	6.08870637453e-05
580	0.0015311292133
581	0.00133432711075
582	0.000184043530666
583	4.13918036654e-05
584	9.89078178514e-10
585	0.000182342561838
586	1.65312000803e-05
587	3.27762170734e-05
588	0.000247725872232
589	0.00048676771532
590	0.000237812612748
591	1.49927905514e-05
592	0.000274194740157
593	0.000115663740488
594	0.000303069898174
595	5.66299326781e-10
596	5.35871477515e-06
597	4.88161806632e-05
598	2.86578098405e-05
599	2.46958450943e-05
600	5.90211916702e-06
601	1.69369314802e-05
602	0.000649786817031
603	0.000133191246296
604	0.000991428379853
605	0.000189382297766
606	0.000247711236428
607	3.52218063069e-05
608	6.71473698836e-05
609	0.000460201149258
610	0.000249425611148
611	0.00343773600284
612	0.000516815883869
613	0.000232821671873
614	0.000127467215585
615	4.85472192272e-05
616	5.07968054268e-05
617	8.06343673875e-05
618	0.000131508871859
619	0.000111814955547
620	4.18918553295e-05
621	3.65018263577e-05
622	5.9195798981e-10
623	1.76521460943e-05
624	7.7361948445e-06
625	9.16605709171e-05
626	1.69231744395e-05
627	4.16595852653e-05
628	1.17513757022e-05
629	4.04128862797e-05
630	2.43242347006e-05
631	7.32802098029e-05
632	1.83333748764e-05
633	3.9670320374e-05
634	1.49315505937e-05
635	1.68970906015e-05
636	3.40880518275e-05
637	2.47203383773e-05
638	3.33709354442e-05
639	6.27847169361e-05
640	1.22978857172e-05
641	5.01471046102e-06
642	1.85770426268e-05
643	0.00243216429905
644	0.00143881715759
645	0.000417577229986
646	6.94166442196e-05
647	3.63703068584e-10
648	6.12290449671e-06
649	4.74371770208e-05
650	0.000116159033948
651	1.23749533628e-05
652	1.29700538186e-05
653	5.72797105367e-06
654	0.00020837860795
655	5.92483528601e-10
656	5.83344262289e-10
657	1.39478071639e-05
658	3.77731647301e-05
659	1.21790587512e-05
660	1.15145714806e-05
661	0.000150340130067
662	9.56268787716e-05
663	5.38174725797e-05
664	1.21291971933e-06
665	2.90889168352e-05
666	0.000337859689608
667	0.000333063985811
668	0.000329575593657
669	1.41160803898e-05
670	3.6785160923e-10
671	2.55016686234e-06
672	3.56555413812e-10
673	3.08503961586e-06
674	3.29634737762e-05
675	7.17910114015e-05
676	1.56995930943e-05
677	3.5960943168e-05
678	2.74899886274e-05
679	5.4978957997e-05
680	8.53653867352e-05
681	1.79455683236e-05
682	2.66125531001e-06
683	3.76480120124e-05
684	6.47988974097e-06
685	4.69323762928e-05
686	1.2373503583e-05
687	1.96518666317e-05
688	3.76049617139e-05
689	4.31727095879e-05
690	4.34302760302e-05
691	6.93881283577e-06
692	4.6181051511e-05
693	1.68091067404e-05
694	0.000296949963913
695	8.86477168215e-05
696	3.00823168193e-05
697	0.000127663058658
698	3.4370795665e-05
699	8.49068674283e-05
700	0.000286073080408
701	0.000683731997779
702	0.00255081193999
703	6.71477635814e-05
704	0.000315039572678
705	0.000130849993025
706	9.98189045159e-10
707	0.000761131950862
708	5.28517144324e-10
709	2.50598374674e-05
710	3.31505600163e-10
711	0.000114634291225
712	0.00197970089998
713	3.22836384031e-05
714	0.000135719268514
715	0.000172884190536
716	3.13247319031e-06
717	8.22023132766e-07
718	4.77962392872e-10
719	4.83075799762e-10
720	7.44729033979e-06
721	9.79612708187e-06
722	2.12196516424e-05
723	3.14552333419e-05
724	1.8441224058e-05
725	1.05345986011e-06
726	1.52773375887e-06
727	2.77766793874e-05
728	5.94744342385e-07
729	2.93285293281e-05
730	4.52002409384e-06
731	5.83461494634e-06
732	5.38522989811e-08
733	1.52647781417e-06
734	5.20573930656e-06
735	3.64735393033e-06
736	1.57162282746e-06
737	6.46091093098e-07
738	1.45101328224e-06
739	2.05669477465e-05
740	4.55891612364e-07
741	1.54536468321e-06
742	1.01612360884e-06
743	1.24847079263e-06
744	1.84729265316e-05
745	6.74740965223e-06
746	9.93393303535e-06
747	8.39398891844e-06
748	2.71622942536e-05
749	1.09861838532e-05
750	1.69664185116e-05
751	1.55742788807e-05
752	6.50230999051e-06
753	1.36786015518e-05
754	1.25783349895e-05
755	5.17068780485e-10
756	1.35825079915e-05
757	1.24185745397e-05
758	1.11095819351e-05
759	8.47102413194e-05
760	4.03418889819e-05
761	3.70801664162e-10
762	1.47607308049e-05
763	3.08514274603e-06
764	0.000118579264798
765	5.8822501596e-10
766	2.08150860461e-05
767	4.408299558e-05
768	6.09409589041e-06
769	1.16394926943e-05
770	5.72670958571e-10
771	3.16848353314e-05
772	1.67026942515e-05
773	5.73511010909e-06
774	2.11798149778e-05
775	1.68428339909e-05
776	3.45820299336e-05
777	1.33350659841e-05
778	0.000499640286655
779	0.000253061137589
780	2.61298742124e-06
781	1.54024893012e-05
782	0.000547067094152
783	0.000158129988522
784	2.98704081274e-05
785	3.03126112049e-05
786	3.39658450961e-07
787	8.73079577328e-07
788	5.99826835695e-06
789	5.95498479747e-06
790	2.37259834259e-05
791	3.12265301303e-05
792	5.86620345978e-06
793	1.18169907688e-05
794	1.60184010446e-06
795	2.4142813514e-05
796	1.85050833744e-05
797	2.62322476947e-05
798	9.23518681474e-06
799	3.78090121367e-06
800	5.56483761282e-10
801	9.50820894907e-05
802	2.28870531058e-05
803	4.01172052345e-06
804	1.35203746418e-06
805	6.9391595633e-06
806	6.57639049102e-06
807	1.21375534898e-05
808	8.721556746e-05
809	9.32167864187e-09
810	5.72604951968e-11
811	7.27352268631e-07
812	1.49721016171e-06
813	1.4027195332e-05
814	1.65855323514e-06
815	4.77477454888e-06
816	1.40073921437e-05
817	7.97795575659e-06
818	7.44462838997e-05
819	1.67617647232e-05
820	4.08504190724e-06
821	3.35245574779e-06
822	2.97898981973e-06
823	1.64834178279e-05
824	3.42571155439e-06
825	1.86194473483e-05
826	1.2330062998e-06
827	3.49690499775e-05
828	8.20922131551e-07
829	3.55140160853e-06
830	3.41279501751e-06
831	4.00648588924e-06
832	1.56533572373e-05
833	6.7748166343e-06
834	4.06894669968e-06
835	1.00952901941e-06
836	1.42893073178e-05
837	2.10107197633e-07
838	1.98533830755e-06
839	7.07018170047e-06
840	1.58204453203e-06
841	3.23872306554e-05
842	2.19979024381e-05
843	8.97240001127e-07
844	3.08981848387e-10
845	1.76944765349e-05
846	2.35394625654e-06
847	1.68047894174e-06
848	8.17363187445e-07
849	1.24833256345e-06
850	1.15485041102e-05
851	1.02276887875e-05
852	1.96566497133e-06
853	1.09144840822e-05
854	6.30476327181e-06
855	2.06400800703e-05
856	5.81291467502e-06
857	2.13740775942e-05
858	9.25209873454e-07
859	9.26522732711e-05
860	3.52120349774e-05
861	7.98759923924e-07
862	2.24903098523e-05
863	3.04293550627e-05
864	3.61309482048e-06
865	3.99939609453e-05
866	4.88889588618e-10
867	3.01404738096e-05
868	5.7662711937e-06
869	1.29032005829e-06
870	7.27574850616e-06
871	4.71730572526e-06
872	2.14386202592e-05
873	3.68349857612e-06
874	1.11495194457e-05
875	3.81626113916e-05
876	4.88494044533e-10
877	2.22330540885e-05
878	3.44741375526e-06
879	8.90521006287e-06
880	5.39693362881e-06
881	1.31032624037e-05
882	1.24796863377e-05
883	1.46624200823e-05
884	3.73125811617e-07
885	2.81042928716e-06
886	4.93372885595e-10
887	3.44180410064e-07
888	5.73578347452e-07
889	2.56425104406e-07
890	3.41577916759e-06
891	3.90215340754e-07
892	4.92340911557e-10
893	2.81937430638e-06
894	4.85269909851e-10
895	2.30378484331e-07
896	9.72106756116e-07
897	8.81271133408e-06
898	3.34735015677e-05
899	6.26947128093e-06
900	2.93376401586e-06
901	1.82462038796e-06
902	4.81116670579e-06
903	3.72130923559e-07
904	1.47452010717e-06
905	2.39352068102e-05
906	1.14773455302e-05
907	5.97298059771e-07
908	4.56304400627e-07
909	4.39129184469e-07
910	8.2567093973e-07
911	2.87324248087e-07
912	4.88608795616e-07
913	4.39186299209e-07
914	5.45479821545e-06
915	3.85689301048e-06
916	2.83982635068e-06
917	1.46673649188e-06
918	1.5791983254e-06
919	6.72714535494e-06
920	2.37299762789e-07
921	2.79686811468e-07
922	1.25917659379e-05
923	1.79157019694e-06
924	3.03082147043e-06
925	5.61007231383e-06
926	3.6610196947e-06
927	9.7292212129e-07
928	2.11537953286e-06
929	5.84939692914e-06
930	7.81558514357e-06
931	4.23077742935e-06
932	4.56312609081e-07
933	5.42955112639e-06
934	2.05505510604e-06
935	1.86781556674e-06
936	3.90124755383e-07
937	6.63353136435e-06
938	2.17562805217e-06
939	6.67471700724e-06
940	8.68347492116e-07
941	5.64234443174e-06
942	9.91034175798e-06
943	7.9592519063e-08
944	5.23001541147e-06
945	2.59335024507e-06
946	6.45646233643e-07
947	3.31036756689e-05
948	3.55689269355e-05
949	3.34830561587e-06
950	0.00033755456324
951	2.8186974809e-06
952	8.30657217506e-07
953	7.36790069311e-11
954	4.76332196909e-11
955	2.68314202645e-05
956	9.06245898654e-06
957	8.90094037947e-05
958	8.28894914943e-05
959	2.25296304224e-05
960	3.95945980696e-05
961	8.70668589519e-06
962	1.44374491419e-10
963	3.51014633724e-06
964	1.17386434674e-05
965	1.38747568541e-05
966	5.64826706867e-06
967	9.98769643436e-05
968	1.97659723851e-05
969	1.31110350763e-05
970	1.0158991506e-05
971	4.15682957154e-06
972	8.16870588512e-06
973	1.55210268145e-06
974	7.84944656624e-06
975	2.00117379212e-05
976	9.77245451685e-06
977	1.12300804835e-05
978	3.42358437079e-06
979	1.2326733783e-05
980	7.7614721904e-07
981	5.42615999069e-06
982	7.84963453175e-06
983	1.63934009864e-05
984	1.32958268805e-05
985	8.78700916146e-06
986	1.91923064438e-05
987	1.66986665228e-05
988	2.22936540988e-05
989	1.47919428247e-05
990	1.4363279165e-05
991	3.83546362597e-05
992	8.60896216161e-06
993	2.57689512376e-05
994	3.15323432932e-05
995	4.77177841767e-06
996	5.9919342049e-06
997	1.34110153142e-05
998	5.42899431453e-06
999	3.84261128087e-06
1000	2.42762472035e-05
1001	1.03435215977e-05
1002	2.30981550472e-05
1003	5.23588315451e-06
1004	0.000285005725967
1005	1.45123211279e-06
1006	0.00618927025919
1007	0.00095783329248
1008	1.53050170883e-05
1009	5.35808967177e-06
1010	3.00846061974e-05
1011	9.20668644991e-06
1012	1.15592524489e-05
1013	0.000209822257609
1014	5.43805712144e-06
1015	2.01112762861e-05
1016	7.17606217491e-10
1017	1.16285667342e-05
1018	1.72906752262e-05
1019	9.1024233843e-06
1020	5.6715725365e-06
1021	4.66821189809e-06
1022	9.60228066568e-06
1023	1.07038855378e-05
1024	4.86277621655e-10
1025	1.11540583971e-05
1026	4.65862682572e-10
1027	5.78003610856e-06
1028	1.11840070439e-05
1029	2.05297204463e-05
1030	5.73504610641e-06
1031	4.71746913601e-06
1032	3.64274437816e-06
1033	1.0641706657e-05
1034	0.00137672140551
1035	0.000215261083173
1036	0.000164969563328
1037	4.3823357566e-05
1038	2.30159994123e-05
1039	3.16238855041e-06
1040	6.12446841832e-11
1041	2.83909338525e-06
1042	6.22514700139e-11
1043	1.99372118426e-06
1044	9.29688966254e-06
1045	1.1874175367e-05
1046	2.93197940108e-05
1047	1.10315636305e-05
1048	2.90310883681e-05
1049	5.38340096553e-06
1050	1.72783277375e-05
1051	5.67974668678e-06
1052	0.000204199566066
1053	4.40680584719e-10
1054	6.32869605753e-05
1055	0.000486117048013
1056	0.00215912960548
1057	0.000194122540991
1058	0.000714978971031
1059	6.38995331622e-05
1060	0.00123323946675
1061	6.3522069006e-10
1062	1.89403611842e-05
1063	3.87637003052e-05
1064	5.73577876374e-06
1065	2.93907378921e-05
1066	2.32894035609e-05
1067	6.07674843811e-06
1068	1.09062725129e-05
1069	1.68539450766e-05
1070	6.46885011572e-06
1071	6.28226035615e-06
1072	2.76027354998e-05
1073	2.45374609955e-05
1074	2.01865692095e-05
1075	0.0010740014973
1076	0.00136653731604
1077	0.000257779095892
1078	0.00241492791512
1079	9.16411482906e-05
1080	0.000652208893581
1081	2.8785288494e-05
1082	1.20873866759e-05
1083	1.11113178579e-05
1084	1.30855393697e-05
1085	5.19616576212e-06
1086	4.76550575219e-10
1087	5.09165420175e-10
1088	6.09170193697e-10
1089	5.01776457043e-10
1090	1.26626675762e-05
1091	1.29663365941e-09
1092	4.14216356269e-05
1093	5.78224695492e-10
1094	6.50257010104e-06
1095	5.38348321073e-06
1096	1.25982908781e-05
1097	5.6027494229e-06
1098	5.56332170346e-06
1099	3.86541938867e-06
1100	5.1960725201e-06
1101	5.90528745573e-06
1102	1.68520195616e-05
1103	8.74682311816e-06
1104	9.55103070063e-06
1105	7.44572957786e-06
1106	1.68205447365e-05
1107	4.95070304492e-06
1108	9.12671959782e-06
1109	1.18597797157e-05
1110	2.24915811367e-05
1111	6.03651028375e-05
1112	3.5105984897e-05
1113	3.33129012736e-05
1114	0.000221926596347
1115	0.000133644718775
1116	3.9993728469e-05
1117	9.5115793106e-05
1118	2.68109545517e-05
1119	6.13155446611e-06
1120	5.67614491155e-05
1121	5.7949431294e-10
1122	6.50285583721e-06
1123	6.0766817669e-06
1124	3.222910156e-06
1125	5.23878073168e-06
1126	1.61255786228e-05
1127	6.78087687433e-06
1128	6.4681132242e-06
1129	9.99578974417e-11
1130	9.9955478503e-11
1131	7.84784894913e-11
1132	4.7631596164e-11
1133	6.71902907463e-11
1134	1.94046946938e-05
1135	5.8519954881e-11
1136	1.00496092455e-06
1137	5.60321588153e-10
1138	1.11414352299e-05
1139	6.46844046704e-06
1140	2.27640453017e-05
1141	9.39916613301e-06
1142	1.18304464618e-05
1143	5.91558185569e-06
1144	5.7854629808e-10
1145	9.37660624516e-05
1146	2.07274088237e-05
1147	1.35063257854e-05
1148	8.87411005098e-05
1149	5.88649510401e-10
1150	5.85472081985e-10
1151	2.06951733334e-05
1152	5.67980588799e-06
1153	2.8454854902e-05
1154	5.88530232618e-06
1155	5.49944108977e-06
1156	2.89337267578e-05
1157	4.42918658692e-06
1158	4.66830998747e-05
1159	1.3566516143e-05
1160	5.86602018204e-10
1161	1.67817674335e-05
1162	2.49087458797e-10
1163	7.27197219602e-05
1164	1.35767286686e-07
1165	5.96527862355e-10
1166	6.50277484041e-06
1167	0.000143234635968
1168	7.76391213008e-11
1169	2.70659311478e-05
1170	1.91678834013e-05
1171	1.21569586314e-09
1172	4.9210233905e-10
1173	4.90805593912e-10
1174	6.07667174618e-06
1175	5.22394933201e-06
1176	5.37420253369e-06
1177	1.65367155446e-05
1178	1.32140237168e-05
1179	2.62587391946e-05
1180	2.38253374991e-05
1181	5.98082942833e-06
1182	1.13150720523e-05
1183	7.12066547445e-06
1184	5.72829760274e-06
1185	5.19601422092e-06
1186	9.89522251679e-06
1187	1.11574751188e-05
1188	5.50718970454e-06
1189	1.7726130611e-05
1190	5.72839944193e-06
1191	4.11108483352e-06
1192	6.01102599111e-06
1193	5.22396828808e-06
1194	6.5021768021e-06
1195	5.98084480594e-06
1196	1.03977224684e-05
1197	1.96092288239e-05
1198	6.28218767314e-06
1199	7.66125987165e-06
1200	5.9052197448e-06
1201	6.28220049466e-06
1202	1.16923393868e-05
1203	1.42331738912e-05
1204	6.50248369592e-06
1205	7.1482938208e-06
1206	9.80483322653e-06
1207	1.08707139944e-05
1208	5.6545754845e-06
1209	5.72052781916e-10
1210	6.00426534388e-10
1211	5.84254300344e-10
1212	6.10706650265e-10
1213	5.76649142972e-06
1214	5.77981958888e-06
1215	2.20909117574e-05
1216	1.22359301631e-05
1217	6.06874752534e-06
1218	4.96532282919e-11
1219	4.88924605491e-11
1220	1.13466806981e-06
1221	4.77210348622e-10
1222	5.34874712635e-10
1223	5.42231957014e-10
1224	6.31295878021e-10
1225	4.73773520837e-10
1226	4.13436135831e-10
1227	2.00968513708e-05
1228	0.000101809843152
1229	0.000106198989133
1230	3.37473359997e-10
1231	2.13323184752e-05
1232	4.4724535614e-10
1233	1.62950232438e-10
1234	6.66243419689e-06
1235	1.64472251789e-10
1236	1.80094943266e-06
1237	1.14406453126e-05
1238	6.18016786228e-06
1239	1.26277348246e-05
1240	1.23417750204e-05
1241	1.2423790409e-05
1242	1.85131015475e-05
1243	5.7284093587e-06
1244	4.38247564505e-07
1245	2.94156677704e-05
1246	2.40926262256e-06
1247	3.86303732374e-06
1248	4.2541526915e-06
1249	4.81938675389e-10
1250	4.90942205215e-10
1251	1.91043293337e-06
1252	2.00365715602e-06
1253	9.75895050911e-07
1254	8.65487270815e-07
1255	4.800968081e-10
1256	4.86952971367e-06
1257	5.02398105199e-10
1258	2.08389171051e-06
1259	9.3296295554e-06
1260	4.83096446125e-10
1261	2.34307891497e-06
1262	5.07432557633e-07
1263	3.18278697583e-06
1264	1.82521760695e-06
1265	1.74164181274e-07
1266	3.64153036896e-07
1267	8.05185609723e-07
1268	7.9855726599e-06
1269	5.94924628467e-07
1270	2.36242706116e-06
1271	2.20066589835e-05
1272	4.37716880457e-07
1273	4.49307769167e-06
1274	3.43593628404e-06
1275	5.89431476757e-06
1276	1.21648289472e-05
1277	2.60966003789e-06
1278	6.15398217556e-06
1279	3.6805806338e-06
1280	5.10987290656e-05
1281	1.95028887804e-06
1282	5.45709922417e-06
1283	7.37068667358e-06
1284	2.73397518904e-06
1285	2.71386281157e-05
1286	5.6462137929e-07
1287	3.25673923103e-06
1288	3.04251494721e-07
1289	8.95368614657e-07
1290	1.17037723112e-06
1291	3.17155033731e-06
1292	1.92539435316e-06
1293	8.86499404596e-07
1294	3.21629435898e-06
1295	8.37837491088e-06
1296	5.28027120262e-07
1297	5.69755013338e-07
1298	7.51368412826e-07
1299	4.42353602082e-06
1300	2.67228853022e-06
1301	2.18804842056e-07
1302	4.52184931e-07
1303	3.041270465e-06
1304	6.99316613448e-06
1305	7.11616490137e-06
1306	1.50682377231e-06
1307	0.000235153992305
1308	0.000183070069065
1309	0.000112571160998
1310	3.64281615207e-06
1311	5.40481852711e-05
1312	6.17862905248e-06
1313	1.0948454549e-06
1314	5.20785012596e-06
1315	5.99359384528e-10
1316	1.12193444653e-05
1317	2.00857766357e-05
1318	2.2429324408e-05
1319	6.32032853363e-06
1320	5.25931879975e-10
1321	4.99908705651e-10
1322	5.35581088511e-10
1323	6.04150644785e-10
1324	4.07166484503e-05
1325	4.36934745988e-10
1326	5.36093961553e-10
1327	4.60652718005e-10
1328	1.40121331696e-05
1329	4.73286153769e-10
1330	9.90360275099e-07
1331	4.63148930113e-10
1332	2.35956499663e-05
1333	7.44541794468e-06
1334	6.09348824356e-06
1335	2.78421309158e-06
1336	5.35785409386e-06
1337	5.99417019727e-06
1338	1.32811126672e-05
1339	6.48427289209e-06
1340	4.38423663388e-06
1341	6.78084109989e-06
1342	9.12697001917e-06
1343	5.93633375742e-06
1344	1.53244834878e-05
1345	1.26642307958e-05
1346	7.97888866208e-06
1347	5.23909226605e-06
1348	1.68340076665e-05
1349	9.32616417179e-06
1350	3.84282026897e-06
1351	5.96288406067e-06
1352	5.72828463025e-06
1353	4.6680759149e-06
1354	8.23490343662e-06
1355	5.88173161586e-06
1356	5.23886384838e-06
1357	5.43774005983e-06
1358	5.4373594214e-06
1359	6.21823291174e-06
1360	1.19480461748e-05
1361	1.07190560968e-05
1362	1.91871999035e-05
1363	3.58605629915e-06
1364	1.57190697763e-05
1365	6.95753076695e-06
1366	2.98057040322e-06
1367	3.70204047622e-06
1368	2.22070956147e-05
1369	2.60725497853e-05
1370	8.76563937119e-06
1371	9.79178093452e-06
1372	1.28934070288e-05
1373	2.06397289453e-05
1374	5.43743304699e-06
1375	7.33213175488e-06
1376	8.87711508219e-06
1377	7.34878401721e-06
1378	6.99982093769e-06
1379	8.13750105852e-06
1380	7.75566210193e-06
1381	6.18365385122e-06
1382	7.75582755533e-06
1383	5.98588141735e-06
1384	7.46372129382e-06
1385	6.50379993838e-06
1386	4.20902431982e-06
1387	1.69882554542e-10
1388	5.73528742211e-06
1389	5.36106272371e-06
1390	5.72895565643e-06
1391	6.09184035433e-10
1392	1.97616844085e-05
1393	5.72842035312e-06
1394	3.21931094084e-10
1395	5.87237386043e-10
1396	5.80745408806e-10
1397	4.15115466349e-06
1398	1.78134337861e-05
1399	5.60560586039e-07
1400	1.7170832637e-10
1401	1.31835456896e-10
1402	7.46309319305e-07
1403	6.28245366762e-06
1404	7.63882726786e-06
1405	6.09358775885e-06
1406	6.23259257357e-06
1407	5.95874069177e-10
1408	5.37425960828e-06
1409	6.32034597752e-06
1410	5.93699375158e-06
1411	9.15092847561e-06
1412	5.87738595594e-10
1413	3.97298593991e-05
1414	5.52163509426e-10
1415	2.33295919742e-05
1416	0.00015498528692
1417	2.06146949632e-05
1418	6.11004028523e-06
1419	4.71757357952e-06
1420	5.01463293196e-06
1421	7.14832276974e-06
1422	5.48749824171e-10
1423	5.70084054962e-10
1424	5.9631180878e-10
1425	5.71825763546e-10
1426	5.40029854398e-10
1427	6.03758251166e-10
1428	1.28791316728e-05
1429	9.39401074606e-06
1430	6.18775762759e-06
1431	3.27794074102e-05
1432	1.6041342415e-05
1433	1.66669432593e-05
1434	9.28867645621e-10
1435	5.66828528464e-10
1436	1.28763017159e-05
1437	4.84108028174e-10
1438	5.93993248985e-06
1439	5.26754839174e-06
1440	4.83200119447e-10
1441	1.03991442536e-06
1442	3.77691771915e-06
1443	1.52264012355e-05
1444	8.97565346408e-08
1445	7.52589625075e-08
1446	5.06316162806e-10
1447	6.73372360534e-11
1448	3.89535650294e-06
1449	4.87134213115e-06
1450	4.75214890305e-10
1451	6.84669590595e-07
1452	5.72642909581e-10
1453	5.29297738298e-10
1454	8.11346999169e-10
1455	1.43447606343e-06
1456	5.4629445384e-10
1457	2.46708289496e-06
1458	5.10818472329e-10
1459	4.46734102269e-10
1460	1.6108392626e-07
1461	4.44956654052e-10
1462	7.16282877895e-10
1463	4.34771837518e-10
1464	4.50433680714e-06
1465	5.56325288957e-06
1466	6.67055930521e-06
1467	5.99430055407e-06
1468	6.09358921254e-06
1469	1.19354153948e-05
1470	3.01390969109e-05
1471	0.00012336284504
1472	1.2742855125e-05
1473	1.01487863656e-05
1474	6.5543454841e-06
1475	8.29878307252e-07
1476	6.179584468e-06
1477	5.13991385949e-05
1478	0.000307679704866
1479	2.56588080448e-05
1480	7.39035888501e-05
1481	8.98478813003e-06
1482	1.10002526632e-10
1483	3.00103204556e-06
1484	5.19756332417e-07
1485	2.17734651478e-10
1486	3.12332899439e-05
1487	2.0304872257e-05
1488	5.74184058138e-06
1489	3.33461494316e-05
1490	2.90177938354e-06
1491	1.00306854596e-05
1492	7.57510048256e-10
1493	6.69368418543e-10
1494	5.94646480197e-11
1495	6.25467276904e-11
1496	1.07046945322e-06
1497	8.48159172085e-11
1498	6.21043116257e-11
1499	5.28071012364e-07
1500	1.74180463965e-05
1501	9.50387081494e-05
1502	6.54288980849e-06
1503	0.000112612122967
1504	7.18133130908e-07
1505	1.07032455848e-06
1506	2.64265587791e-07
1507	9.53648603242e-06
1508	1.04059891903e-06
1509	7.03256633259e-06
1510	2.33909911158e-05
1511	7.81324401584e-06
1512	5.40325773532e-06
1513	3.99747326622e-06
1514	5.6980163749e-06
1515	5.67637541623e-06
1516	5.5016735952e-10
1517	4.85476568325e-10
1518	2.44177994451e-05
1519	4.98768242972e-10
1520	2.05859297431e-06
1521	8.65496570727e-07
1522	5.04008627652e-10
1523	5.17584848042e-10
1524	5.00395884737e-10
1525	3.72562444524e-06
1526	1.14776857623e-06
1527	1.33535374626e-06
1528	2.56578506756e-07
1529	4.83338439591e-10
1530	4.88397206216e-10
1531	4.6766407556e-06
1532	1.20843515276e-05
1533	4.82316209365e-10
1534	2.15847490811e-07
1535	1.33303271076e-05
1536	1.42888845375e-06
1537	3.09176937962e-06
1538	1.13684751065e-06
1539	3.73195900704e-06
1540	1.43243489147e-06
1541	1.07476903687e-06
1542	5.49930274497e-07
1543	2.47015410006e-06
1544	5.97141408368e-07
1545	4.52118387815e-07
1546	1.99276386295e-10
1547	1.94103768079e-10
1548	2.65491396037e-10
1549	9.10971226572e-06
1550	2.12320955098e-10
1551	2.44634681433e-10
1552	2.23989687036e-10
1553	4.18976035092e-06
1554	1.51350146865e-06
1555	4.17700605275e-06
1556	6.15455284305e-07
1557	2.11926599567e-10
1558	1.39496108916e-06
1559	2.0688928003e-10
1560	6.98233827756e-10
1561	4.85461947881e-06
1562	1.26824979037e-07
1563	1.94736940462e-10
1564	1.94105075404e-10
1565	2.23773366142e-10
1566	2.15376128568e-10
1567	2.31428715679e-10
1568	7.81657918327e-07
1569	5.62981728653e-11
1570	2.62901634804e-10
1571	7.02084359986e-11
1572	8.47674374671e-06
1573	6.64145788325e-11
1574	3.26310734092e-10
1575	3.66063521266e-10
1576	6.68012838741e-11
1577	1.94101813874e-10
1578	5.89466586992e-11
1579	6.65827873834e-07
1580	5.89452406013e-11
1581	5.22877789418e-11
1582	1.89619616716e-06
1583	1.97893191746e-10
1584	3.97167481869e-10
1585	3.88205724137e-10
1586	2.91710158303e-10
1587	1.82216830984e-06
1588	4.15529262798e-10
1589	3.1730220179e-10
1590	8.82899822055e-08
1591	2.90092120727e-06
1592	7.81048964753e-07
1593	1.39677115095e-06
1594	2.90083780665e-06
1595	3.72437064426e-10
1596	2.83480411007e-10
1597	8.82912766962e-08
1598	1.04057548102e-06
1599	3.66068405086e-10
1600	3.92489665865e-06
1601	3.02930260825e-07
1602	3.88316511965e-07
1603	2.29664845514e-05
1604	1.0444737557e-06
1605	2.05408934189e-07
1606	2.05592588735e-07
1607	1.94104792995e-05
1608	1.94105859027e-05
1609	2.17327958806e-05
1610	2.22131026689e-05
1611	2.08520318424e-05
1612	1.61486930709e-05
1613	1.45321591553e-05
1614	1.35132634911e-05
1615	2.51963235023e-05
1616	5.15567868623e-06
1617	4.78391394252e-06
1618	1.60686147071e-06
1619	4.58462383004e-06
1620	1.56669650874e-06
1621	2.42824313485e-05
1622	3.63304345999e-06
1623	9.42947991844e-06
1624	6.94161164984e-06
1625	2.21312893851e-05
1626	6.50290459977e-07
1627	7.28732676229e-06
1628	1.25628623518e-05
1629	3.07680135338e-06
1630	2.34842530774e-06
1631	4.04099108945e-06
1632	4.07547202937e-10
1633	3.23437334243e-06
1634	2.75497435351e-10
1635	1.45366206132e-05
1636	5.39138668874e-06
1637	6.07266254335e-07
1638	3.79566674192e-07
1639	3.25982647511e-05
1640	6.74126386761e-06
1641	8.85366489023e-08
1642	5.81097100073e-06
1643	5.17203509572e-10
1644	1.04076184796e-06
1645	3.92505948794e-06
1646	1.19986703969e-05
1647	2.05896041296e-07
1648	1.9410879322e-05
1649	3.17393342137e-06
1650	2.00106136912e-05
1651	5.11316384357e-06
1652	5.24273360154e-06
1653	9.17150991809e-07
1654	2.52370982063e-06
1655	5.0488990129e-06
1656	1.30592238379e-06
1657	3.17341415168e-06
1658	6.41543906808e-06
1659	9.12287779371e-05
1660	4.25602269258e-06
1661	5.99349533898e-11
1662	1.04430386332e-06
1663	7.45920922547e-11
1664	6.29131334611e-11
1665	6.23763160891e-11
1666	1.08607261773e-06
1667	3.39667488968e-06
1668	2.1104347037e-06
1669	4.3582745099e-06
1670	0.000163389340879
1671	0.000145313368128
1672	3.2145164311e-06
1673	1.80030872911e-05
1674	5.49248787676e-10
1675	5.65726115375e-10
1676	3.42173054181e-06
1677	6.7649065775e-05
1678	3.20951668196e-06
1679	2.03663868245e-06
1680	5.23632468775e-06
1681	1.46391615909e-05
1682	8.03437582117e-11
1683	3.64533534405e-06
1684	4.23464478117e-06
1685	2.92985053961e-06
1686	5.20812075653e-07
1687	1.9129510314e-06
1688	2.29857748995e-06
1689	1.45367536447e-06
1690	3.5768083907e-05
1691	1.13902463981e-06
1692	5.67946785745e-10
1693	4.87078681358e-10
1694	1.51839109413e-05
1695	5.2932927188e-10
1696	2.88824686465e-06
1697	1.62630862031e-06
1698	4.86344502254e-06
1699	4.28188015669e-07
1700	5.01355585605e-07
1701	5.01604506327e-10
1702	3.37522691383e-06
1703	9.76389328086e-07
1704	1.18396462111e-07
1705	6.54408565946e-07
1706	1.37656678575e-06
1707	3.08211584182e-06
1708	1.79002968546e-06
1709	1.0439138574e-06
1710	2.57040676368e-06
1711	7.10996447826e-07
1712	7.58805500619e-10
1713	5.42668422921e-07
1714	5.65463906242e-06
1715	2.71607365559e-06
1716	5.24232938663e-10
1717	3.3283195316e-06
1718	2.96797193593e-06
1719	5.01565582756e-10
1720	4.97631742791e-10
1721	1.70659633436e-06
1722	4.86867784469e-06
1723	1.04092274565e-06
1724	1.41232515866e-06
1725	1.76969376914e-06
1726	7.81608583336e-07
1727	7.81421880916e-07
1728	5.15189005708e-06
1729	3.97537575758e-06
1730	4.52926187756e-06
1731	3.42447226738e-06
1732	1.92279754613e-06
1733	3.52717399644e-05
1734	7.70142029998e-07
1735	2.00402090194e-06
1736	2.80091267239e-06
1737	3.16569644178e-06
1738	1.78694730969e-06
1739	5.7049274576e-06
1740	6.15805670462e-07
1741	2.43063692594e-06
1742	7.81386704744e-07
1743	4.65781584037e-07
1744	2.00030574533e-06
1745	2.32412686949e-06
1746	2.03605696979e-06
1747	1.05704134374e-06
1748	3.63614081917e-07
1749	4.83721458822e-10
1750	8.57907983691e-07
1751	4.93650854486e-10
1752	9.49128824984e-07
1753	5.32009529727e-10
1754	6.04098907224e-10
1755	5.73379463079e-07
1756	6.09357480585e-06
1757	5.14635666109e-06
1758	2.17775406635e-07
1759	1.66960195542e-06
1760	4.35944637341e-06
1761	5.96840776774e-06
1762	5.94711321035e-07
1763	4.58686889368e-07
1764	4.82311956859e-10
1765	3.29337361011e-05
1766	1.78780885993e-06
1767	4.83229267842e-10
1768	1.91641217048e-06
1769	3.24247977283e-06
1770	3.43694860308e-07
1771	3.07267870991e-06
1772	1.87526534698e-06
1773	6.46912073595e-07
1774	1.96337640189e-06
1775	2.75118876818e-06
1776	4.83810740605e-07
1777	5.9713854251e-07
1778	8.67632830752e-07
1779	1.31883075139e-06
1780	3.28677236431e-06
1781	4.39132237194e-07
1782	4.69101239779e-07
1783	2.69826502017e-07
1784	1.40678009486e-07
1785	5.60527961126e-10
1786	2.60078458224e-10
1787	3.09437439651e-10
1788	7.36111732308e-11
1789	6.31053807029e-11
1790	5.95380352366e-06
1791	7.57429638684e-10
1792	6.77968676857e-10
1793	1.59659834161e-06
1794	2.02204987357e-10
1795	2.00248429828e-10
1796	8.22217190749e-10
1797	6.897095478e-10
1798	2.00755632196e-10
1799	2.07682723008e-10
1800	3.21820776613e-06
1801	3.2833957283e-06
1802	1.50890493386e-05
1803	1.34343724505e-05
1804	3.84311573558e-06
1805	3.2118467131e-06
1806	5.32400887159e-06
1807	2.74607346447e-06
1808	3.41779651314e-06
1809	2.4102634678e-06
1810	1.60680643417e-06
1811	5.22923678652e-11
1812	4.77211568222e-10
1813	7.63927990529e-11
1814	6.05962274805e-10
1815	5.89630516018e-10
1816	7.7638733111e-11
1817	2.59239544733e-06
1818	7.82096514232e-11
1819	0.000242546240808
1820	8.18283683195e-06
1821	1.37174656497e-05
1822	2.81618786341e-06
1823	2.53525047525e-06
1824	5.2293362923e-06
1825	9.78494132309e-08
1826	2.85810211143e-06
1827	8.7253607177e-07
1828	8.73072464083e-07
1829	7.53788674914e-07
1830	2.31033726881e-06
1831	2.31026260603e-06
1832	4.09414673571e-10
1833	4.92805688356e-10
1834	4.39155358279e-07
1835	5.5277216577e-10
1836	4.88019299623e-10
1837	4.80846205323e-10
1838	5.08948632645e-10
1839	4.77215974734e-10
1840	4.77219961149e-10
1841	4.9078709816e-10
1842	4.83945985783e-10
1843	2.11103395203e-06
1844	1.04046289426e-06
1845	5.36337138018e-06
1846	3.08521193888e-06
1847	2.56323409902e-06
1848	8.49041563766e-07
1849	1.69815155457e-06
1850	2.28632766471e-06
1851	2.14779052426e-06
1852	6.06084545079e-07
1853	4.8186796588e-10
1854	4.82605587419e-10
1855	5.04884565058e-10
1856	4.91330065124e-10
1857	4.92714867131e-10
1858	1.28057633921e-06
1859	5.37576925803e-10
1860	6.87495143295e-10
1861	4.32044214031e-05
1862	7.06085162258e-05
1863	5.939366689e-11
1864	6.2789099762e-11
1865	3.41969386592e-06
1866	5.73554390607e-11
1867	7.86988242278e-11
1868	8.44486393673e-11
1869	8.37665803538e-11
1870	5.95428525496e-11
1871	1.40079050918e-06
1872	6.38725841945e-11
1873	1.34667691764e-06
1874	7.45877607136e-11
1875	1.12316842763e-06
1876	6.33548288815e-11
1877	2.32454837258e-06
1878	3.79686817787e-06
1879	2.78654468551e-06
1880	1.74417369687e-07
1881	1.40082195659e-06
1882	1.40085841843e-06
1883	2.37965333547e-06
1884	2.30467984255e-07
1885	2.12166613902e-06
1886	2.64121404289e-06
1887	2.08342370297e-06
1888	1.66865620839e-06
1889	2.62044108887e-06
1890	1.06955341912e-06
1891	8.10626128208e-07
1892	3.15997049564e-07
1893	1.10909272848e-05
1894	1.39761909197e-05
1895	1.00776149739e-10
1896	6.91217001936e-11
1897	6.53293988745e-11
1898	4.03824971901e-06
1899	7.14281007365e-11
1900	8.16593867009e-11
1901	6.10123314906e-11
1902	1.40059473798e-06
1903	8.516930017e-06
1904	5.65548117746e-06
1905	9.99230164373e-11
1906	1.06591795673e-10
1907	6.36495022436e-11
1908	4.84933935826e-10
1909	1.07385089347e-06
1910	5.94666105377e-07
1911	1.59689640117e-06
1912	4.97983987359e-10
1913	6.96370923231e-07
1914	4.21540692317e-06
1915	1.03598894907e-06
1916	6.37149137623e-07
1917	1.49211651955e-06
1918	1.60306954471e-07
1919	2.77798930471e-08
1920	1.02814170863e-06
1921	1.39227067548e-06
1922	1.91001111366e-06
1923	2.73982809496e-06
1924	1.39368525386e-06
1925	1.37104386502e-06
1926	4.90812902831e-10
1927	4.83941686852e-10
1928	4.86834648671e-10
1929	1.56889243471e-06
1930	4.82369868215e-10
1931	1.55357135694e-06
1932	6.45544687708e-07
1933	6.57430618282e-07
1934	4.39141955628e-07
1935	3.40896419966e-07
1936	1.13390996074e-06
1937	1.63574616341e-07
1938	7.98657787707e-07
1939	1.13488547115e-06
1940	4.56307867968e-07
1941	1.04850652965e-06
1942	9.51083919532e-07
1943	3.58366409733e-06
1944	1.72471150537e-06
1945	2.19229360438e-07
1946	8.65534162157e-07
1947	4.93196829444e-07
1948	5.22873613382e-11
1949	5.22880199111e-11
1950	6.5859406033e-11
1951	1.33971744559e-05
1952	7.30178867851e-11
1953	1.23655597138e-06
1954	8.72533129723e-07
1955	5.53539100954e-10
1956	4.90904278282e-10
1957	4.90712609603e-10
1958	5.95371771483e-07
1959	4.96222789875e-10
1960	4.99237461487e-10
1961	4.92604020331e-10
1962	6.96347556725e-07
1963	4.93291724742e-07
1964	6.80189588299e-07
1965	1.00950558474e-06
1966	8.43552626624e-07
1967	2.25360344895e-06
1968	8.32509733251e-06
1969	5.47944914917e-07
1970	2.37230655705e-06
1971	5.52245090713e-07
1972	4.56415684759e-07
1973	8.93085705057e-07
1974	4.69145744369e-07
1975	9.26369100378e-07
1976	3.8316577902e-07
1977	9.81170288641e-07
1978	4.86445026772e-10
1979	4.92232687687e-10
1980	4.99059484782e-10
1981	4.87953984224e-10
1982	1.22499584826e-06
1983	2.9975179749e-06
1984	4.07445476549e-06
1985	5.78467903243e-06
1986	4.06917349553e-06
1987	2.00353067079e-06
1988	8.98374288531e-06
1989	1.38040806508e-06
1990	6.01826496983e-06
1991	4.83876901879e-07
1992	4.8389398071e-07
1993	4.85848249487e-10
1994	4.39197752757e-07
1995	2.03262077828e-06
1996	6.42527069955e-07
1997	1.64276206898e-06
1998	3.08137371332e-07
1999	4.70765255206e-06
2000	1.4385036607e-06
2001	5.61141384061e-11
2002	5.61141384061e-11
2003	7.2260866936e-11
2004	1.45996926028e-10
2005	1.56147173069e-10
2006	7.74057924209e-11
2007	1.14667284036e-10
2008	8.6482804325e-11
2009	1.22659946033e-10
2010	1.89163955433e-06
2011	8.45986732908e-11
2012	1.89650270121e-10
2013	1.55628126539e-10
2014	1.26603507206e-10
2015	6.89725948653e-11
2016	5.6399216506e-11
2017	9.81806417174e-11
2018	1.87355862972e-10
2019	6.82681084291e-07
2020	1.92392619682e-10
2021	5.14587311404e-06
2022	1.66875598614e-06
2023	1.66857987209e-06
2024	9.91714382004e-06
2025	1.74426719369e-06
2026	4.77482574109e-06
2027	3.14325461594e-06
2028	1.50605845931e-06
2029	2.57096565099e-06
2030	3.4216810471e-06
2031	4.02451613641e-06
2032	4.81007403346e-10
2033	4.82076229079e-10
2034	4.78956606987e-10
2035	5.47587356673e-10
2036	3.01051802158e-10
2037	1.8022080032e-06
2038	8.32475091839e-11
2039	1.19604975048e-10
2040	1.17393422186e-10
2041	5.22888973204e-11
2042	6.21092052962e-10
2043	1.19606274266e-10
2044	1.18844331239e-10
2045	5.42422851221e-11
2046	7.0257468513e-11
2047	5.74930765429e-11
2048	5.3415132971e-10
2049	7.264394919e-11
2050	8.71466460618e-11
2051	1.04645147906e-10
2052	6.06596599835e-11
2053	8.37227739621e-07
2054	6.06591585422e-11
2055	5.44995207821e-11
2056	5.22879814681e-11
2057	5.44994370728e-11
2058	5.59503461348e-11
2059	5.22892919244e-06
2060	4.86835004019e-10
2061	4.90027327494e-10
2062	4.86999014273e-10
2063	4.85171885005e-10
2064	5.44154552878e-10
2065	4.8858061974e-10
2066	1.53035171487e-06
2067	4.83804005491e-07
2068	6.36926126764e-07
2069	4.57873605188e-06
2070	8.89535741679e-07
2071	5.40713102723e-07
2072	6.68994962574e-07
2073	4.28862578273e-06
2074	3.39371916826e-06
2075	4.84769814062e-10
2076	4.87903052366e-10
2077	7.7781916459e-11
2078	6.58595697339e-11
2079	5.47316231688e-11
2080	5.61835867231e-11
2081	1.29419653062e-06
2082	2.15710760592e-06
2083	1.04343454797e-06
2084	4.92785678977e-07
2085	9.57984945663e-07
2086	9.88734985253e-07
2087	1.68438943259e-06
2088	1.50728900284e-07
2089	3.40913844176e-07
2090	2.33417155374e-05
2091	6.03434818607e-11
2092	5.59432372854e-11
2093	6.57621513363e-11
2094	2.68820044576e-05
2095	5.51787162113e-10
2096	1.66907094318e-06
2097	5.20885048028e-10
2098	4.98281926934e-10
2099	4.9185795629e-10
2100	4.26026577706e-07
2101	3.42522322667e-07
2102	7.10580071942e-07
2103	2.28617632849e-06
2104	1.22354052351e-06
2105	1.53588447393e-06
2106	2.4752084825e-07
2107	1.90376095257e-06
2108	6.30328390515e-07
2109	2.33414821256e-05
2110	1.66043991694e-05
2111	2.19296737159e-07
2112	1.21392983188e-06
2113	4.85972907759e-10
2114	4.86408615583e-10
2115	5.31240388689e-10
2116	4.89118435309e-10
2117	3.43691159911e-07
2118	5.97290468752e-07
2119	3.04681126492e-07
2120	3.66068103938e-07
2121	1.04977716005e-06
2122	4.38150470282e-07
2123	2.60766210302e-07
2124	7.69719500642e-07
2125	1.22017184158e-06
2126	5.97132650449e-07
2127	5.97134661024e-07
2128	2.1848814667e-06
2129	1.07724662512e-06
2130	3.72127718187e-07
2131	1.76054971168e-06
2132	5.94655467343e-07
2133	4.86256091566e-07
2134	4.83870949922e-07
2135	6.96335909962e-07
2136	6.96487765016e-07
2137	4.20257671555e-07
2138	6.41735674064e-07
2139	6.59236147697e-07
2140	5.07113961979e-07
2141	5.99734982247e-07
2142	8.83529724416e-07
2143	1.31685546892e-06
2144	7.04372424411e-07
2145	2.36027005465e-06
2146	2.0584426194e-06
2147	2.07451518025e-06
2148	1.52904494231e-06
2149	1.34728868156e-06
2150	1.23891484098e-06
2151	5.70198350629e-07
2152	1.8784685174e-06
2153	9.53999850255e-07
2154	9.25345192616e-07
2155	8.58386151079e-07
2156	6.85634630547e-07
2157	5.79914478654e-07
2158	9.70813695571e-07
2159	1.0938211937e-06
2160	8.43588216207e-07
2161	2.28512840403e-06
2162	3.01567249647e-06
2163	1.55095926749e-06
2164	7.78187824364e-07
2165	5.40731165247e-06
2166	5.87318491242e-07
2167	5.40939980508e-07
2168	5.49895779952e-07
2169	5.39200892396e-07
2170	4.38710552422e-07
2171	6.49703094886e-07
2172	4.20317763556e-07
2173	4.83453118694e-07
2174	6.42108694332e-07
2175	5.69762006867e-07
2176	6.77598216942e-07
2177	3.19518161999e-07
2178	2.48339762916e-07
2179	4.86361816006e-10
2180	4.79995342872e-10
2181	1.22076615007e-06
2182	4.83807286639e-07
2183	1.82269042962e-06
2184	2.19230405782e-07
2185	2.79687993627e-07
2186	3.65635837082e-07
2187	2.00030640746e-06
2188	2.2989210444e-07
2189	4.40954590951e-07
2190	3.68453774423e-07
2191	6.45121882276e-07
2192	5.84811339352e-11
2193	7.21636487309e-11
2194	8.31789544181e-11
2195	5.31536695369e-10
2196	5.4137447042e-07
2197	9.44021220517e-11
2198	1.08084724004e-10
2199	5.2289387777e-11
2200	7.8504225866e-11
2201	5.71102695867e-06
2202	6.65656075197e-11
2203	7.79070564872e-11
2204	6.65647349632e-11
2205	1.30069438209e-10
2206	5.22895171265e-11
2207	6.55668777145e-11
2208	6.08097839264e-11
2209	1.12067745995e-10
2210	8.33490781309e-11
2211	2.2681160992e-07
2212	5.36509834649e-11
2213	1.46654625453e-06
2214	1.67216348841e-10
2215	5.25189675545e-11
2216	2.65618749255e-06
2217	3.08924342556e-06
2218	2.31543833261e-08
2219	1.42797876246e-06
2220	1.98765756142e-06
2221	6.96572792926e-07
2222	2.70739247124e-07
2223	2.26661647429e-10
2224	2.94412801077e-10
2225	5.35967748313e-06
2226	3.23120758974e-10
2227	5.43691775587e-06
2228	2.84636466265e-10
2229	3.53827365494e-10
2230	2.31636190705e-08
2231	6.17893994853e-11
2232	6.31669822844e-11
2233	4.87538555491e-10
2234	2.19649624383e-07
2235	4.55897337951e-07
2236	1.2453880453e-06
2237	4.92085263306e-10
2238	2.84920801663e-07
2239	5.19689689345e-07
2240	4.77212698008e-10
2241	4.77211028869e-10
2242	4.6576451928e-07
2243	6.82188515381e-10
2244	1.45794864991e-06
2245	7.25808763438e-10
2246	7.84478266574e-07
2247	5.65948209334e-10
2248	3.55287895057e-07
2249	2.41831850917e-06
2250	6.65762647895e-07
2251	7.81333851439e-07
